> -Z18
235.2580 40.3134
235.0470 40.6333
235.0670 40.8839
234.9110 41.1354
234.8180 41.3801
234.6910 41.6522
234.7190 41.8176
234.6870 41.9856
234.6690 42.1419
234.7100 42.2845
234.7910 42.3588
234.8020 42.4917
234.7320 42.5614
234.7110 42.8624
234.7110 43.0514
234.6570 43.1426
234.6060 43.2671
234.5260 43.4260
234.5200 43.7375
234.5500 43.9254
234.5710 44.0023
234.6380 44.0663
234.6280 44.3226
234.6280 44.5227
234.6240 44.6675
234.5660 44.7254
234.5630 44.8813
234.5650 45.1036
234.4830 45.4738
234.3450 45.9461
234.2270 46.2950
234.1240 46.6433
234.0020 46.9697
233.9150 47.3503
233.6300 47.7480
233.5140 47.9956
233.2670 48.2910
232.9820 48.5646
232.6220 48.7502
232.3920 48.8768
232.1820 49.0802
232.1480 49.4906
231.9710 49.7814
231.7170 49.8847
231.5860 50.0856
231.2810 50.3103
230.9900 50.4787
230.5400 50.6472
230.2620 50.8359
230.0180 51.1013
229.7880 51.2777
229.4520 51.3981
229.1500 51.6121
