> -Z19
253.1100 21.7992
253.1380 21.7156
253.1920 21.6403
253.2430 21.4830
253.3760 21.3106
253.4490 21.2355
253.4750 21.1838
253.5580 21.1208
253.6190 20.8397
253.6130 20.6379
253.6150 20.4281
253.6480 20.2027
253.7290 19.9158
253.8790 19.6437
254.0510 19.4019
254.2610 19.1644
254.4540 18.9807
254.7530 18.7619
> -Z19
269.1020 12.5837
268.6921 12.8322
268.2814 13.0801
267.9368 13.2712
267.7276 13.2233
267.4008 13.4980
267.0381 13.7221
266.6906 13.7932
266.3442 14.0161
265.9448 14.2221
265.4578 14.4786
265.1271 14.6998
264.8830 14.8866
264.5337 15.0902
264.2014 15.2765
263.7810 15.3609
263.2730 15.3601
262.7826 15.3584
262.3086 15.5080
261.8343 15.6399
261.4122 15.7715
260.9719 15.9191
260.5653 16.1340
260.1940 16.2980
259.6640 16.4424
259.1330 16.6363
258.2970 17.0256
257.5680 17.2799
256.8000 17.6155
256.2080 17.9200
255.8090 18.1383
255.5940 18.2090
255.2750 18.3684
254.9570 18.6216
254.7530 18.7619
> -Z19
277.1252 7.3664
276.9258 7.5917
276.7669 7.8485
276.6401 7.9276
276.3946 8.0444
276.1623 8.1819
275.9928 8.3003
275.8423 8.4738
275.5813 8.6367
275.3142 8.7717
274.9562 8.9372
274.6195 9.0891
274.3876 9.2033
274.0895 9.4234
273.7964 9.6836
273.5513 9.9383
273.3520 10.2350
> -Z20
278.4011 -3.2445
278.3481 -3.0002
278.4682 -2.4375
278.4015 -1.8138
278.5854 -1.0955
278.7706 -0.2845
279.1134 0.4319
279.4262 1.0534
279.7083 1.5494
280.2087 2.0737
280.5220 2.4270
280.8354 2.7802
281.3383 3.3920
281.6581 4.0659
281.9200 4.8315
282.0899 5.5053
281.9920 6.0045
> -Z20
283.9938 -45.6585
284.1786 -44.8494
284.2176 -44.0506
284.3684 -43.6482
284.4420 -42.9722
284.5983 -42.2845
284.6031 -41.8256
284.6078 -41.3666
284.8111 -40.8628
284.8052 -40.3589
284.8722 -39.8131
284.8505 -39.5644
285.0117 -39.0681
285.1641 -38.5420
285.3452 -38.1376
285.4044 -37.5635
285.5584 -36.7249
285.7383 -36.1653
286.1026 -35.5777
286.3245 -34.8876
286.7543 -34.2904
287.0625 -33.8369
287.1390 -33.3585
287.1110 -32.7419
287.2378 -32.3188
287.3217 -31.5313
287.3819 -30.9652
287.4001 -30.1903
287.4454 -29.5357
287.5668 -28.9014
287.8302 -28.2776
288.0422 -27.7547
288.1529 -27.2478
288.2475 -26.6522
288.3717 -25.8397
288.4757 -25.0928
288.5341 -24.2626
288.6105 -23.5227
288.6525 -22.7584
288.6932 -21.9654
> -Z20
284.0837 -15.7355
283.5971 -15.2185
283.2352 -14.8433
282.8746 -14.4675
282.3612 -13.9136
281.8524 -13.3872
281.5931 -13.0144
281.3346 -12.6414
280.8528 -11.8903
280.3819 -11.2906
280.0034 -10.5603
279.6316 -9.9209
279.2990 -9.4340
278.9594 -8.6654
278.6253 -7.9884
278.4508 -7.3060
278.2160 -6.6554
278.0459 -6.0027
278.0015 -5.2534
277.9902 -4.5035
278.0742 -3.7213
278.4011 -3.2445
> -Z20
288.6932 -21.9654
288.7505 -21.2622
288.6772 -20.7577
288.6377 -20.2491
288.5135 -19.8112
288.2535 -19.2981
287.7336 -18.7215
287.2634 -18.2567
286.6003 -17.7470
286.0507 -17.3735
285.3905 -16.8230
284.7077 -16.3302
284.0837 -15.7355
> -Z20
283.5167 -52.0684
283.3743 -51.3775
283.2435 -50.7289
283.0102 -49.8446
282.9760 -49.1923
283.0745 -48.5065
283.3503 -47.8746
283.6790 -47.4777
284.0028 -47.0799
284.0419 -46.4220
283.9938 -45.6585
