> -Z1
164.0660 55.2092
164.8470 54.9570
165.7710 54.5884
166.4070 54.2367
167.4130 53.9060
168.1880 53.5694
168.8360 53.2079
169.7520 52.8555
170.7000 52.4979
171.8470 52.0259
172.9640 51.6839
174.2190 51.4030
175.5710 51.1082
176.7200 50.8959
177.6800 50.6976
178.4980 50.6189
179.6880 50.5055
180.7980 50.4965
181.5200 50.4903
182.2420 50.4842
182.9120 50.4960
183.7770 50.5883
184.3710 50.7447
185.0930 50.8258
185.8810 50.8963
186.6720 50.9636
187.5160 51.0693
188.3660 51.1706
189.1030 51.3061
189.8410 51.4395
190.6220 51.6322
191.0280 51.7400
192.0100 52.0007
193.1810 52.2568
193.8920 52.4527
194.6100 52.6443
195.3350 52.8183
196.0660 52.9879
196.8230 53.1800
197.5870 53.3672
198.3360 53.4964
199.0900 53.6209
199.8710 53.7408
200.6560 53.8555
202.0140 54.1008
202.9330 54.3175
203.8620 54.5272
204.7610 54.7845
205.8400 55.2390
206.8360 55.6104
207.7730 56.0583
208.7820 56.3092
209.4530 56.4994
209.9190 56.6229
210.7800 56.9251
211.7430 57.3469
212.5510 57.8319
213.2410 58.3521
213.7360 58.8138
214.2440 59.2735
> -Z2
144.4540 40.8470
145.0770 41.3192
145.7100 41.7880
146.1980 42.0762
146.6900 42.3623
147.3450 42.6851
148.3400 43.2079
149.3110 43.7205
150.3390 44.1874
150.8770 44.4470
151.4190 44.7040
152.2400 45.1576
152.8800 45.5293
153.5280 45.8973
154.1950 46.4400
154.6640 46.8526
155.1410 47.2632
155.7420 47.7246
156.3530 48.1828
157.0240 48.6594
157.5680 49.1072
158.1210 49.5524
158.6440 49.8546
159.1740 50.1545
159.8770 50.8551
160.5990 51.4877
160.9450 52.1588
161.5840 52.6540
162.4580 53.0032
162.7900 53.6249
163.2820 54.3468
163.6700 54.7786
164.0660 55.2092
> -Z3
144.4540 40.8470
144.4790 40.5494
144.3990 40.3668
144.3280 40.2029
144.2830 40.0672
144.2540 39.9281
144.2250 39.7667
144.2360 39.5572
144.2030 39.3737
144.1890 39.1233
144.1190 38.9086
144.0610 38.7095
144.0170 38.5356
143.9730 38.3585
143.9280 38.1655
143.8880 37.9281
143.8430 37.7097
143.7430 37.4792
143.6370 37.2899
143.5180 37.0594
143.4080 36.8604
143.2750 36.6488
143.1510 36.5195
143.0200 36.3393
142.8870 36.2636
142.7610 36.1878
142.6810 36.0642
142.6060 36.0009
142.5550 35.9438
142.4600 35.6730
142.3250 35.5027
142.2210 35.3333
142.1700 35.2168
142.0670 35.1636
142.0290 34.8886
141.9920 34.6663
141.8830 34.2127
> -Z4
143.5220 24.3908
143.0960 24.9092
143.0980 24.9176
143.0750 25.6124
143.2310 26.3289
143.2600 26.7370
143.2430 27.4633
143.1720 27.9407
143.0020 28.5187
142.7480 28.9754
142.5070 29.6208
142.4730 30.1282
142.2240 30.7110
142.1590 31.3152
142.0990 31.9825
141.9940 32.5576
142.0120 33.2525
141.8580 33.7039
141.8830 34.2127
> -Z5
143.0970 11.5689
143.5030 11.4936
144.1570 11.7896
144.6190 12.0206
145.0240 12.2112
145.3490 12.3141
145.6910 12.6466
146.2210 13.0015
146.7520 13.3632
147.2010 14.2158
147.4620 14.9661
147.6840 15.6530
147.7870 16.5234
147.8560 17.2831
147.8110 18.0602
147.8200 18.6465
147.6190 19.1724
147.4600 19.7452
147.2070 20.3034
147.0190 20.8051
146.8220 21.3306
146.5450 21.7298
146.0620 22.2015
145.2920 22.7123
144.7060 23.2501
144.0220 23.7644
143.5220 24.3908
