> -Z11
148.5870 -7.3945
149.3140 -7.0322
149.8600 -6.9394
150.1460 -6.8815
150.6630 -6.6936
151.1480 -6.4425
151.5190 -6.2103
151.8760 -5.9255
152.2570 -5.7549
152.6530 -5.6402
153.1070 -5.7407
153.5190 -5.9464
153.9300 -6.2650
> -Z11
153.9300 -6.2650
154.2250 -6.5069
154.5400 -6.8178
154.9270 -7.2928
> -Z12
154.9270 -7.2928
155.4540 -7.4887
> -Z12
155.4540 -7.4887
155.8120 -7.7059
156.0470 -7.8838
156.2960 -8.1740
> -Z12
156.2960 -8.1740
156.4670 -8.3819
156.7060 -8.5629
156.7820 -8.6018
156.8580 -8.6154
156.9350 -8.6416
157.0490 -8.7062
157.1770 -8.7456
157.2410 -8.7843
157.3170 -8.8231
157.4190 -8.9002
157.5720 -8.9651
157.6480 -9.0039
157.7240 -9.0680
157.8270 -9.1071
157.9160 -9.1586
157.9920 -9.2100
158.0560 -9.2487
158.1450 -9.3128
158.2730 -9.3901
158.3880 -9.4418
158.4780 -9.4806
158.5800 -9.5068
158.7090 -9.5459
158.7730 -9.5590
158.8500 -9.5850
158.9260 -9.6236
159.0030 -9.6495
159.0680 -9.6880
159.1190 -9.7264
159.1700 -9.7648
159.2210 -9.8285
159.2850 -9.8797
159.3620 -9.9309
159.4390 -9.9695
159.5030 -10.0206
159.5800 -10.0844
159.6440 -10.1229
159.7080 -10.1739
159.7720 -10.1997
159.8370 -10.2507
159.9140 -10.2765
159.9780 -10.3149
160.0680 -10.3787
160.1320 -10.4170
160.2100 -10.4681
160.2870 -10.5192
160.3640 -10.5702
160.4930 -10.6341
160.5440 -10.6723
160.6220 -10.7233
160.7250 -10.7870
160.7760 -10.8379
160.8670 -10.9142
160.9310 -10.9651
160.9960 -11.0287
161.0600 -11.0541
161.1250 -11.1304
161.2020 -11.1685
161.3060 -11.1940
161.3840 -11.2321
161.4610 -11.2448
161.5520 -11.2829
161.7200 -11.3209
161.7980 -11.3589
161.9010 -11.3968
162.0180 -11.4220
162.1090 -11.4345
162.2250 -11.4216
162.3540 -11.4212
162.4840 -11.4208
> -Z13
166.1540 -13.7794
166.1610 -13.8276
166.2040 -13.9913
166.2340 -14.1805
166.2500 -14.3447
166.2520 -14.4205
166.2680 -14.5594
166.2710 -14.6859
166.2620 -14.8885
166.2130 -15.0413
166.2280 -15.1296
166.2170 -15.2437
166.1930 -15.3454
166.2090 -15.4337
166.2250 -15.5599
166.2270 -15.6737
166.2700 -15.7993
166.2850 -15.8875
166.3400 -15.9749
166.3950 -16.0875
166.4500 -16.1874
166.5060 -16.3000
166.5620 -16.4378
166.6040 -16.5380
166.6590 -16.6251
166.7280 -16.7372
166.8100 -16.8363
166.8680 -16.9866
166.9500 -17.0982
167.0590 -17.2090
167.1550 -17.3074
167.1710 -17.3955
167.2150 -17.5206
167.2450 -17.6335
167.2750 -17.7590
167.3200 -17.9219
167.3500 -18.0221
167.3940 -18.1472
167.4240 -18.2473
167.4550 -18.3601
167.4860 -18.4855
167.5040 -18.6113
167.5210 -18.7118
167.6070 -18.8859
167.6800 -19.0477
167.7270 -19.2356
167.8120 -19.3716
167.8860 -19.5332
167.9430 -19.6322
168.0030 -19.7690
168.0750 -19.8926
168.1600 -20.0031
168.1910 -20.0903
168.2630 -20.2012
168.3350 -20.3246
168.3960 -20.4737
168.5120 -20.6457
168.5850 -20.7815
168.6450 -20.8926
168.7050 -21.0162
168.7760 -21.1015
168.8790 -21.2610
168.9960 -21.4198
169.0540 -21.5055
169.1430 -21.6401
169.2150 -21.7250
169.2880 -21.8225
169.3200 -21.9092
169.4190 -21.9801
169.4910 -22.0522
169.5770 -22.1236
169.7190 -22.2298
169.8350 -22.3499
169.9500 -22.4447
170.0360 -22.5157
170.1090 -22.5873
170.2210 -22.6442
170.3210 -22.7017
170.4200 -22.7591
170.5470 -22.8274
170.6600 -22.8838
170.7450 -22.9166
170.8420 -22.9486
170.9390 -22.9680
171.0370 -22.9998
171.1620 -23.0299
171.2880 -23.0724
171.3850 -23.0915
171.4960 -23.1096
171.6200 -23.1268
171.7030 -23.1464
171.8540 -23.1491
171.9500 -23.1553
172.0600 -23.1730
172.1970 -23.1763
172.2780 -23.1707
172.3610 -23.1775
172.4390 -23.1781
> -Z14
185.0150 -23.7499
185.1580 -23.5126
185.3370 -23.2205
185.5110 -22.9058
185.6770 -22.6169
185.8610 -22.2898
186.0480 -21.9153
186.1820 -21.5263
186.2970 -21.2476
186.4490 -20.8926
186.5970 -20.5862
186.7820 -20.2040
186.9470 -19.7788
187.0300 -19.4608
187.1260 -19.0710
187.2140 -18.7769
187.3020 -18.4832
187.4090 -18.1523
187.4600 -17.9348
187.5550 -17.6766
187.6260 -17.2706
187.6650 -16.9629
187.6890 -16.7157
187.6930 -16.3319
187.7000 -16.0410
187.6690 -15.7320
187.6450 -15.5611
187.5720 -15.3734
187.3980 -15.1514
187.2260 -15.0330
187.0610 -14.8669
186.8700 -14.7848
186.7270 -14.6967
186.5930 -14.5840
> -Z15
180.1890 -36.7930
180.6290 -36.1790
180.9560 -35.5423
181.3590 -35.0218
181.4610 -34.7058
181.5870 -34.4854
181.7060 -34.2413
181.7920 -33.8459
182.0190 -33.5795
182.1900 -33.1908
182.3340 -32.6959
182.3510 -32.2028
182.4620 -31.9574
182.6990 -31.7932
182.8920 -31.4517
183.0810 -31.0374
183.3100 -30.6779
183.4530 -30.3215
183.6610 -29.8808
183.8470 -29.4691
183.9220 -29.0653
184.0050 -28.6971
184.1150 -28.2638
184.2150 -27.7843
184.4550 -27.3180
184.6000 -26.8569
184.5770 -26.4372
184.5850 -26.0248
184.6180 -25.7295
184.7030 -25.4257
184.7390 -25.1425
184.7710 -24.8362
184.7910 -24.4719
184.8980 -24.0701
185.0150 -23.7499
> -Z17
166.9510 -44.9871
166.7100 -45.2113
166.5370 -45.3502
166.3770 -45.5150
166.2050 -45.7364
166.0190 -45.8872
165.9200 -45.9581
165.7330 -46.0648
165.4270 -46.1898
165.1680 -46.4052
165.0210 -46.6013
164.9430 -46.7830
164.9230 -47.0108
164.8380 -47.1485
164.7390 -47.2562
164.6990 -47.4439
164.6510 -47.5208
164.5280 -47.6576
164.4800 -47.7595
164.4830 -47.9197
164.3980 -48.0593
164.3890 -48.2020
164.3090 -48.2738
164.2870 -48.4286
164.2150 -48.5916
164.1300 -48.7417
163.9640 -48.9171
163.8680 -49.1157
163.7400 -49.3222
163.5450 -49.5732
163.4480 -49.7612
163.4120 -49.8466
163.2960 -49.9853
163.2350 -50.0787
> -Z17
166.9510 -44.9871
167.1000 -44.8262
167.3680 -44.6478
167.6880 -44.4660
168.0810 -44.3297
168.4880 -44.1660
168.7700 -44.0215
