> -Z6
138.3590 9.3787
138.5740 9.9526
138.7100 10.6492
138.8130 11.1214
139.4830 10.9006
140.1000 10.9459
140.7720 10.8578
141.6080 11.0581
142.1220 11.2852
142.9610 11.4031
143.0970 11.5689
> -Z7
134.5210 6.9902
134.2690 6.6102
133.9890 6.3326
133.6740 6.1559
133.4290 5.9622
133.3080 5.7343
133.2400 5.3491
133.1890 5.0162
133.0320 4.7875
132.9110 4.4538
132.7900 4.1199
132.7400 3.6983
132.7950 3.3122
132.8500 2.9083
132.8170 2.5387
132.7660 2.2569
132.7340 1.7285
132.7200 1.1645
132.6510 0.8116
132.5150 0.0171
> -Z7
134.5210 6.9902
135.4150 6.8951
136.1830 6.9889
136.7590 7.3677
137.1440 7.6196
137.5290 7.8712
137.9820 8.5336
138.3090 9.1962
138.3590 9.3787
> -Z8
128.4620 25.4576
128.9780 25.8591
129.3600 26.1908
129.7850 26.6709
130.2110 27.2135
130.5230 27.7094
130.6490 28.1358
131.0970 28.3182
131.3090 28.4508
131.4670 28.7508
131.5240 28.8591
131.6280 28.9874
131.7600 29.3921
132.0730 29.8177
132.4020 30.2149
132.6300 30.4926
132.8240 30.7544
> -Z8
125.5500 23.3799
125.9540 23.4977
126.4260 23.7606
126.9010 24.1011
127.3980 24.5029
127.9070 24.9690
128.4620 25.4576
> -Z9
120.4520 21.6321
120.3440 21.2021
120.2900 20.6307
120.5020 20.2550
120.4410 19.9370
120.1150 19.4868
119.7950 18.8781
119.2790 18.2014
119.1610 17.6290
119.2480 16.8402
119.2550 16.5557
> -Z10
124.8910 14.7042
125.1500 14.1321
125.4940 13.3056
125.6860 12.8181
126.1370 12.2653
126.2400 11.6304
126.2140 11.0599
126.5730 10.2964
126.8240 9.4492
127.0530 8.7503
127.2190 8.1365
127.2340 7.2916
127.2500 6.4468
127.4590 5.8965
127.4980 5.4740
127.8360 5.2240
128.1510 4.7632
128.3870 4.3347
128.6840 3.7005
128.9980 3.1140
129.2170 2.6706
129.2460 1.9281
129.1970 1.0593
